studios: .word 100, 15
.byte 0,0,0,0,0,0,0,0,0,0,0,0,0,0,0,0,0,0,0,0,0,0,0,0,0,0,0,255,255,0,255,255,0,255,255,255,0,255,255,0,0,255,255,255,0,0,248,248,248,0,0,248,0,248,0,0,0,0,0,0,0,0,0,0,0,0,0,0,0,0,0,0,0,0,0,0,0,0,0,0,0,0,0,0,0,0,0,0,0,0,0,0,0,0,0,0,0,0,0,0,
0,0,0,0,0,0,0,0,0,0,0,0,0,0,0,0,0,0,0,0,0,0,0,0,0,0,0,255,0,255,0,255,0,255,0,255,0,255,0,255,0,255,0,0,0,0,248,0,0,248,0,248,0,248,0,0,0,0,0,0,0,0,0,0,0,0,0,0,0,0,0,0,0,0,0,0,0,0,0,0,0,0,0,0,0,0,0,0,0,0,0,0,0,0,0,0,0,0,0,0,
0,0,0,0,0,0,0,0,0,0,0,0,0,0,0,0,0,0,0,0,0,0,0,0,0,0,0,255,0,0,0,255,0,255,255,255,0,255,0,255,0,255,255,0,0,0,248,248,248,0,0,0,248,0,0,0,0,0,0,0,0,0,0,0,0,0,0,0,0,0,0,0,0,0,0,0,0,0,0,0,0,0,0,0,0,0,0,0,0,0,0,0,0,0,0,0,0,0,0,0,
0,0,0,0,0,0,0,0,0,0,0,0,0,0,0,194,194,248,248,194,194,0,0,0,0,0,0,255,0,0,0,255,0,255,0,255,0,255,0,255,0,255,0,0,0,0,248,0,0,248,0,0,248,0,0,0,0,0,0,0,0,0,0,0,0,0,0,0,0,0,0,0,0,0,0,0,0,0,0,0,0,0,0,0,0,0,0,0,0,0,0,0,0,0,0,0,0,0,0,0,
0,0,0,0,0,0,0,0,0,0,0,0,0,0,0,194,194,0,0,194,194,0,0,0,0,0,0,255,0,0,0,255,0,255,0,255,0,255,255,0,0,255,255,255,0,0,248,248,248,0,0,0,248,0,0,0,0,0,0,0,0,0,0,0,0,0,0,0,0,0,0,0,0,0,0,0,0,0,0,0,0,0,248,0,0,0,0,0,0,0,0,0,0,0,0,0,0,0,0,0,
0,0,0,0,0,0,0,0,0,0,0,0,0,0,248,194,194,194,0,194,194,248,0,0,0,0,0,0,0,0,0,0,0,0,0,0,0,0,0,0,0,0,0,0,0,0,0,0,0,0,0,0,0,0,0,0,0,0,0,0,0,0,0,0,0,0,0,0,0,0,0,0,0,0,0,0,0,0,0,0,0,0,0,0,0,0,0,0,0,0,0,0,0,0,0,0,0,0,0,0,
0,0,0,0,0,0,0,0,0,0,0,0,0,0,248,194,194,194,194,194,194,248,0,0,0,0,0,0,0,0,0,0,0,0,0,0,0,0,0,255,0,0,255,0,255,255,255,0,255,0,0,255,0,255,255,255,255,0,255,0,255,0,255,255,255,0,248,248,248,0,248,248,248,0,248,0,248,0,248,248,0,0,248,0,248,248,248,0,248,248,248,0,0,0,0,0,0,0,0,0,
0,0,0,0,0,0,0,0,0,0,0,0,0,0,248,194,194,194,194,194,194,248,0,0,0,0,0,0,0,0,0,0,0,0,0,0,0,0,0,255,255,0,255,0,255,0,0,0,255,255,0,255,0,255,0,0,0,0,255,0,255,0,255,0,0,0,248,0,0,0,0,248,0,0,248,0,248,0,248,0,248,0,248,0,248,0,248,0,248,0,0,0,0,0,0,0,0,0,0,0,
0,0,0,0,0,0,0,0,0,0,0,0,0,0,248,194,194,0,194,194,194,248,0,0,0,0,0,0,0,0,0,0,0,0,0,0,0,0,0,255,0,255,255,0,255,255,0,0,255,0,255,255,0,255,0,255,255,0,255,0,255,0,255,255,0,0,248,248,248,0,0,248,0,0,248,0,248,0,248,0,248,0,248,0,248,0,248,0,248,248,248,0,0,0,0,0,0,0,0,0,
0,0,0,0,0,0,0,0,0,0,0,0,0,0,0,194,194,0,0,194,194,0,0,0,0,0,0,0,0,0,0,0,0,0,0,0,0,0,0,255,0,0,255,0,255,0,0,0,255,0,0,255,0,255,0,0,255,0,255,0,255,0,255,0,0,0,0,0,248,0,0,248,0,0,248,0,248,0,248,0,248,0,248,0,248,0,248,0,0,0,248,0,0,0,0,0,0,0,0,0,
0,0,0,0,0,0,0,0,0,0,0,0,0,0,0,0,248,248,248,248,0,0,0,0,0,0,0,0,0,0,0,0,0,0,0,0,0,0,0,255,0,0,255,0,255,255,255,0,255,0,0,255,0,255,255,255,255,0,255,255,255,0,255,255,255,0,248,248,248,0,0,248,0,0,248,248,248,0,248,248,0,0,248,0,248,248,248,0,248,248,248,0,0,0,0,0,0,0,0,0,
0,0,0,0,0,0,0,0,0,0,0,0,0,0,0,0,0,0,0,0,0,0,0,0,0,0,0,0,0,0,0,0,0,0,0,0,0,0,0,0,0,0,0,0,0,0,0,0,0,0,0,0,0,0,0,0,0,0,0,0,0,0,0,0,0,0,0,0,0,0,0,0,0,0,0,0,0,0,0,0,0,0,0,0,0,0,0,0,0,0,0,0,0,0,0,0,0,0,0,0,
0,0,0,0,0,0,0,0,0,0,0,0,0,0,0,0,0,0,0,0,0,0,0,0,0,0,0,0,0,0,0,0,0,0,0,0,0,0,0,0,0,0,0,0,0,0,0,0,0,0,0,0,0,0,0,0,0,0,0,0,0,0,0,0,0,0,0,0,0,0,0,0,0,0,0,0,0,0,0,0,0,0,0,0,0,0,0,0,0,0,0,0,0,0,0,0,0,0,0,0,
0,0,0,0,0,0,0,0,0,0,0,0,0,0,0,0,0,0,0,0,0,0,0,0,0,0,0,0,0,0,0,0,0,0,0,0,0,0,0,0,0,0,0,0,0,0,0,0,0,0,0,0,0,0,0,0,0,0,0,0,0,0,0,0,0,0,0,0,0,0,0,0,0,0,0,0,0,0,0,0,0,0,0,0,0,0,0,0,0,0,0,0,0,0,0,0,0,0,0,0,
0,0,0,0,0,0,0,0,0,0,0,0,0,0,0,0,0,0,0,0,0,0,0,0,0,0,0,0,0,0,0,0,0,0,0,0,0,0,0,0,0,0,0,0,0,0,0,0,0,0,0,0,0,0,0,0,0,0,0,0,0,0,0,0,0,0,0,0,0,0,0,0,0,0,0,0,0,0,0,0,0,0,0,0,0,0,0,0,0,0,0,0,0,0,0,0,0,0,0,0,


